%%MatrixMarket matrix coordinate  real general
264 264 20546
1 1 1.05097509063962313e-01
2 1 9.11571222815867055e-02
3 1 6.58614739245050457e-02
4 1 4.45243684974071935e-02
5 1 2.64452529317356771e-02
6 1 1.45894419284444167e-02
7 1 6.72315594211151356e-03
8 1 1.78784106686054453e-03
53 1 1.25435602296681647e-03
54 1 6.24061163866072594e-03
55 1 1.15623856331544695e-02
56 1 6.40680580002528713e-03
57 1 1.62174143726363340e-03
103 1 4.52722159376142946e-03
104 1 1.41757106839555287e-02
105 1 2.73829491559431752e-02
106 1 4.51844685659347559e-02
107 1 6.78278288009282887e-02
108 1 9.31342139235919048e-02
109 1 1.45403602388826918e-02
110 1 1.40458193519579135e-02
121 1 6.74319617454722936e-02
122 1 2.11608493422813272e-02
123 1 2.32236236806696115e-03
124 1 3.25592851692911092e-02
125 1 1.41263207375022515e-03
135 1 2.05300957603023236e-03
160 1 7.18655543938297309e-02
161 1 8.95924857811153941e-02
162 1 9.76025034251384351e-03
163 1 3.46471339258239489e-02
164 1 4.35663737237553233e-03
166 1 5.17177555640603026e-02
167 1 2.04429829757893401e-02
197 1 1.89281942134152700e-03
198 1 -1.78941552120140006e-04
223 1 4.21248558856464270e-02
225 1 5.26823556884207372e-02
226 1 1.27412926589155744e-02
234 1 3.73790757428539479e-03
236 1 5.69925305209839379e-03
237 1 6.25434994939516164e-03
238 1 1.16801090078075941e-02
239 1 2.53132036064453343e-02
240 1 3.05290310094873743e-02
255 1 2.86061415668692059e-02
256 1 6.07059693132674244e-03
257 1 8.70746403044228567e-03
258 1 1.87546445749410817e-02
259 1 4.82402342945217749e-02
260 1 3.76094212831306549e-02
261 1 1.46900562655557839e-02
262 1 1.94650854012324280e-03
263 1 1.94240873578451124e-04
1 2 9.11571222815867055e-02
2 2 1.16224950496515295e-01
3 2 9.04376965655456500e-02
4 2 6.31887580857987130e-02
5 2 4.01051385505909810e-02
6 2 2.31931499371156591e-02
7 2 1.12810469253059129e-02
8 2 3.31330585770543695e-03
53 2 1.08797521833406603e-03
54 2 5.41284187726153495e-03
55 2 1.00287229489603134e-02
56 2 5.55699164470059917e-03
57 2 1.40662974624627805e-03
103 2 3.91570440822220246e-03
104 2 1.08139448331322184e-02
105 2 1.91470958462766211e-02
106 2 3.11289177906496732e-02
107 2 4.72586945272577066e-02
108 2 6.79816131498725690e-02
109 2 1.25307096171339144e-02
110 2 1.44766326235447156e-02
121 2 6.09401623127123412e-02
122 2 1.65163921660075874e-02
123 2 3.45761740187447691e-03
124 2 4.25781586356641512e-02
125 2 1.22525715245420702e-03
135 2 1.78069344016097567e-03
160 2 5.40214009424148101e-02
161 2 9.15353891579919060e-02
162 2 8.46562722461815902e-03
163 2 2.47449557029720407e-02
164 2 7.19951370545576091e-03
166 2 6.91462235601434799e-02
167 2 3.02136825769177761e-02
197 2 1.64175129348861698e-03
198 2 -2.54463687705322071e-04
223 2 3.35412770467383090e-02
225 2 5.70369365421020194e-02
226 2 1.72930954902487041e-02
234 2 3.24210250900457131e-03
236 2 6.69928007692079802e-03
237 2 5.42475790536453475e-03
238 2 1.01308312116035783e-02
239 2 2.11635528556970605e-02
240 2 2.87170251268099586e-02
255 2 3.21458919124886291e-02
256 2 6.16885356856003344e-03
257 2 7.55248502514432440e-03
258 2 1.67920991711684696e-02
259 2 4.64941633783941682e-02
260 2 3.30663280035985649e-02
261 2 1.71692530934465654e-02
262 2 1.68831895821792023e-03
263 2 1.68476296180311563e-04
1 3 6.58614739245050457e-02
2 3 9.04376965655456500e-02
3 3 1.00817026038086482e-01
4 3 8.28905708884577624e-02
5 3 5.96350806472821793e-02
6 3 3.80778072660913069e-02
7 3 2.08404865130779465e-02
8 3 8.41924971020088786e-03
9 3 1.50833179941901180e-03
10 3 -4.24502347359817555e-04
53 3 7.86067502783497339e-04
54 3 3.91080515963962514e-03
55 3 7.24580217614497965e-03
56 3 4.01495408307848013e-03
57 3 1.01629698300102832e-03
103 3 2.82719950637164629e-03
104 3 7.55539760773055267e-03
105 3 1.30329616690094997e-02
106 3 2.10882173796460015e-02
107 3 3.21314050152096894e-02
108 3 4.64131709607104592e-02
109 3 9.04580921562312540e-03
110 3 1.45967532864590202e-02
121 3 4.60903724364987374e-02
122 3 1.16134818224596127e-02
123 3 6.60556016147511964e-03
124 3 5.46993788026729211e-02
125 3 8.85254382514403973e-04
135 3 1.28655986105420390e-03
160 3 3.75847343039667006e-02
161 3 7.01078180735456719e-02
162 3 6.11645774629058191e-03
163 3 1.69551792160804113e-02
164 3 1.40128051046973894e-02
165 3 -3.10880359022844689e-04
166 3 8.55355055974663936e-02
167 3 4.54772875287342421e-02
197 3 1.18617346950260542e-03
198 3 -2.01119134114199655e-04
223 3 2.37125174124453476e-02
225 3 5.53017163550569776e-02
226 3 2.50104826653439020e-02
234 3 2.34243517690014766e-03
235 3 9.12735228820992341e-04
236 3 8.76635433534288765e-03
237 3 3.91941454916999027e-03
238 3 7.31957590341098668e-03
239 3 1.51529794110189953e-02
240 3 2.42037590747569073e-02
255 3 3.49831995933792828e-02
256 3 6.34560625140594223e-03
257 3 5.45670796860196240e-03
258 3 1.29744232195867972e-02
259 3 3.95034452833305863e-02
260 3 2.54686154135061876e-02
261 3 2.07400225654419922e-02
262 3 1.21981883872367418e-03
263 3 1.21724961363969418e-04
1 4 4.45243684974071935e-02
2 4 6.31887580857987130e-02
3 4 8.28905708884577624e-02
4 4 9.79055086303557143e-02
5 4 8.45896431348260036e-02
6 4 5.86375904021309152e-02
7 4 3.60497274107165339e-02
8 4 1.89577578594483862e-02
9 4 7.81419727026804595e-03
10 4 2.31994142757717880e-03
11 4 6.45751201359310049e-04
53 4 3.99335847607409130e-04
54 4 2.64382376636379882e-03
55 4 4.89838363653685195e-03
56 4 2.71423162044728437e-03
57 4 6.87047809252031147e-04
103 4 1.91066549583334962e-03
104 4 5.02594543872166618e-03
105 4 8.55668806745205589e-03
106 4 1.38114797118709439e-02
107 4 2.10833548874185921e-02
108 4 3.04632070853767638e-02
109 4 6.11355561842199125e-03
110 4 1.42871831353878227e-02
121 4 3.28853035913422506e-02
122 4 7.74968427031817644e-03
123 4 1.31605364052686056e-02
124 4 6.00730798444433362e-02
125 4 5.98459007859384121e-04
135 4 1.34343090140340467e-03
160 4 2.49498606659163055e-02
161 4 5.01476712816676801e-02
162 4 4.13491229951561123e-03
163 4 1.11694534398730227e-02
164 4 2.54909815688273075e-02
165 4 1.22631821006948362e-03
166 4 8.39438894025402310e-02
167 4 6.27930625542302556e-02
197 4 8.01889503999266874e-04
198 4 4.07086307252544147e-03
223 4 1.58650913980578033e-02
224 4 1.49212268065471621e-03
225 4 4.84434300724417288e-02
226 4 3.34562977754613994e-02
234 4 1.58355774298555804e-03
235 4 4.37651350462380222e-03
236 4 1.20352328475017666e-02
237 4 2.64964397671055025e-03
238 4 4.94825693001923073e-03
239 4 1.02001788964937914e-02
240 4 1.90440427581770565e-02
255 4 3.46676577567311545e-02
256 4 7.05523529818487174e-03
257 4 3.68890129387728976e-03
258 4 9.12628815153457978e-03
259 4 3.12753046791159686e-02
260 4 1.84285100694744318e-02
261 4 2.38566571568062068e-02
262 4 8.24634801487557942e-04
263 4 8.22897926838760558e-05
1 5 2.64452529317356771e-02
2 5 4.01051385505909810e-02
3 5 5.96350806472821793e-02
4 5 8.45896431348260036e-02
5 5 1.08298974951394719e-01
6 5 8.44207412622847153e-02
7 5 5.68654510849154332e-02
8 5 3.45270178942637743e-02
9 5 1.78134891237816465e-02
10 5 7.30094688271513970e-03
11 5 1.86413784196700076e-03
53 5 1.57777233680418309e-04
54 5 1.57029937914776228e-03
55 5 2.90939542988545097e-03
56 5 1.61211813082139804e-03
57 5 4.08072112082238773e-04
103 5 1.13407685657643904e-03
104 5 2.88253341224719174e-03
105 5 4.76332707284856348e-03
106 5 7.64482888240366337e-03
107 5 1.17207994546999865e-02
108 5 1.70768281974164569e-02
109 5 3.62728180566277260e-03
110 5 1.32097950462704266e-02
121 5 2.06777436498385321e-02
122 5 4.47562525059880950e-03
123 5 2.23287048519388819e-02
124 5 5.87297203290419872e-02
125 5 3.55454785013708391e-04
135 5 1.08273418033578506e-03
160 5 1.42431832991440650e-02
161 5 3.14306140556531582e-02
162 5 2.45593155616800896e-03
163 5 6.26649436785752662e-03
164 5 4.14830569202482638e-02
165 5 3.90580289994090077e-03
166 5 6.41966714310345798e-02
167 5 8.15915402670662065e-02
197 5 4.76282347672142504e-04
198 5 1.11677974279374911e-02
223 5 9.21552446547042881e-03
224 5 3.52325175798781122e-03
225 5 3.62044923962577606e-02
226 5 4.25175866082046425e-02
234 5 9.40554273053872394e-04
235 5 9.35933637943677302e-03
236 5 1.57705712155142494e-02
237 5 1.57375629364043439e-03
238 5 2.93901767732410992e-03
239 5 6.00352883261677864e-03
240 5 1.30394198907070203e-02
255 5 3.10203977584902757e-02
256 5 7.55459507017710793e-03
257 5 2.19102327666865918e-03
258 5 5.66167115473988070e-03
259 5 2.15499862500067828e-02
260 5 1.17069783457348017e-02
261 5 2.62217990312246380e-02
262 5 4.89791919292915825e-04
263 5 4.88760302428976681e-05
1 6 1.45894419284444167e-02
2 6 2.31931499371156591e-02
3 6 3.80778072660913069e-02
4 6 5.86375904021309152e-02
5 6 8.44207412622847153e-02
6 6 1.07281136530189267e-01
7 6 8.22041418963595227e-02
8 6 5.65661917971704981e-02
9 6 3.42354310724459279e-02
10 6 1.81349890662684324e-02
11 6 7.66849644732853913e-03
12 6 2.41270462702902928e-03
13 6 5.99614299833594959e-04
53 6 -9.49753501087648329e-05
54 6 8.66310171488496490e-04
55 6 1.60506899974692313e-03
56 6 8.89380937748038671e-04
57 6 2.25127148422805257e-04
103 6 6.25336341172489122e-04
104 6 1.54768011275312374e-03
105 6 2.49556826733933566e-03
106 6 3.98587080818024221e-03
107 6 6.13365928854505728e-03
108 6 8.98538102862019190e-03
109 6 1.99969877209648164e-03
110 6 1.23161488445631458e-02
121 6 1.19318078194879246e-02
122 6 2.41633020714324132e-03
123 6 3.43847706086978511e-02
124 6 5.09257399021766921e-02
125 6 1.96098973132597987e-04
135 6 1.76621083959870463e-03
137 6 7.47094625844053136e-04
160 6 7.61891109165502029e-03
161 6 1.80747726485608537e-02
162 6 1.35489991006849573e-03
163 6 3.30464832328218865e-03
164 6 6.05663398296517053e-02
165 6 1.10150359322298795e-02
166 6 4.42266484911183894e-02
167 6 8.10323198480970286e-02
197 6 2.62757693066610956e-04
198 6 2.37715461291914676e-02
199 6 3.57199598472547619e-03
223 6 4.99797369821349327e-03
224 6 7.74381144711620145e-03
225 6 2.54048159125893659e-02
226 6 4.73798414776909135e-02
227 6 2.40657714736664408e-03
234 6 5.18889419688719133e-04
235 6 1.76905309176151188e-02
236 6 2.01771078378814306e-02
237 6 8.68217298388459461e-04
238 6 1.62141114099669317e-03
239 6 3.28929586839940991e-03
240 6 8.72009664141289165e-03
255 6 2.63699119505436813e-02
256 6 8.78063481266833958e-03
257 6 1.20875406037303495e-03
258 6 3.24530350289182513e-03
259 6 1.39816544524843950e-02
260 6 6.97382497818723173e-03
261 6 2.72977976995766591e-02
262 6 2.70210717287941286e-04
263 6 2.69641590028402705e-05
1 7 6.72315594211151356e-03
2 7 1.12810469253059129e-02
3 7 2.08404865130779465e-02
4 7 3.60497274107165339e-02
5 7 5.68654510849154332e-02
6 7 8.22041418963595227e-02
7 7 9.49825031560026928e-02
8 7 8.17001234632531159e-02
9 7 5.65887975056243303e-02
10 7 3.54905831717861817e-02
11 7 1.86851897475333421e-02
12 7 7.98928584785228539e-03
13 7 2.41747753692225613e-03
52 7 -6.51264756986100462e-04
53 7 -1.37753996350632052e-04
54 7 1.55100609276047005e-03
55 7 7.39653321633125787e-04
56 7 4.09847529860862076e-04
57 7 1.03743853471082435e-04
103 7 2.87993784999830444e-04
104 7 6.89561338384258324e-04
105 7 1.07653580517974102e-03
106 7 1.70810115974375713e-03
107 7 2.64182697408464617e-03
108 7 3.89198202250180120e-03
109 7 9.20810673973617355e-04
110 7 1.16935175992612800e-02
114 7 2.74432025707746106e-03
121 7 5.87706957469466031e-03
122 7 1.08417080861447895e-03
123 7 4.93353162504297088e-02
124 7 3.64631346162880079e-02
125 7 9.03669916179559827e-05
135 7 4.56927275449119877e-03
137 7 3.06804955548989474e-03
160 7 3.37830781984253814e-03
161 7 8.82801572162514661e-03
162 7 6.24369556150296224e-04
163 7 1.43816156293649113e-03
164 7 7.95314901282104386e-02
165 7 2.34393131758982368e-02
166 7 2.61812081031990926e-02
167 7 6.05581078143297147e-02
177 7 3.80860097579607923e-04
197 7 1.21084888245938290e-04
198 7 4.24426717467678710e-02
199 7 1.11950599959084861e-02
205 7 -3.55793156156456662e-04
217 7 9.69356198241862264e-04
223 7 2.25536304575965673e-03
224 7 1.56844328992317740e-02
225 7 1.53924150123904008e-02
226 7 4.77510345137094477e-02
227 7 8.44015413312332319e-03
234 7 2.39116376239003432e-04
235 7 3.03297209167303593e-02
236 7 2.59612418239216457e-02
237 7 4.00094830037598097e-04
238 7 7.47184162400654252e-04
239 7 1.50314249441935600e-03
240 7 5.24813364994364002e-03
255 7 2.02263776968304790e-02
256 7 1.15474687050587492e-02
257 7 5.57022131717335939e-04
258 7 1.57374313314069189e-03
259 7 7.75088091247927262e-03
260 7 3.54262439266614382e-03
261 7 2.71142125243187954e-02
262 7 1.24519416059003241e-04
263 7 1.24257148911599556e-05
1 8 1.78784106686054453e-03
2 8 3.31330585770543695e-03
3 8 8.41924971020088786e-03
4 8 1.89577578594483862e-02
5 8 3.45270178942637743e-02
6 8 5.65661917971704981e-02
7 8 8.17001234632531159e-02
8 8 1.07684956342000371e-01
9 8 8.18111338183244025e-02
10 8 5.48356835440445001e-02
11 8 3.09113876553178679e-02
12 8 1.39078959001945994e-02
13 8 4.23132655871056966e-03
52 8 -7.77098973494112300e-04
53 8 -1.36606615196137711e-04
54 8 1.48049407642440733e-03
55 8 1.96690749856413117e-04
56 8 1.08987840137242631e-04
57 8 2.75878654707675678e-05
103 8 7.64912292703949021e-05
104 8 1.70874781512857579e-04
105 8 2.47445673692903980e-04
106 8 3.86223101952471034e-04
107 8 6.04916251430175338e-04
108 8 8.85267812713519007e-04
109 8 2.44741251509713481e-04
110 8 8.77886935938446133e-03
114 8 3.27456450212844580e-03
121 8 1.93785006339191354e-03
122 8 2.72806406801653239e-04
123 8 5.55771589421929085e-02
124 8 2.30507704831699640e-02
125 8 2.40306516901173150e-05
135 8 4.76830442373621897e-03
137 8 4.92027580485968757e-03
160 8 8.28264388797750719e-04
161 8 2.75394769437791766e-03
162 8 1.66034157618008045e-04
163 8 3.37682619698598382e-04
164 8 8.20667199630381872e-02
165 8 3.42568672878016747e-02
166 8 1.26644768072306253e-02
167 8 4.13776760404446359e-02
177 8 4.54448037759085067e-04
197 8 3.21992435764205972e-05
198 8 6.02111390744795444e-02
199 8 1.86316023788731973e-02
205 8 -4.24537783535112610e-04
217 8 1.15665049969836337e-03
223 8 5.74482707497550528e-04
224 8 1.97017590223071311e-02
225 8 7.78060854817985009e-03
226 8 4.17454750586039383e-02
227 8 1.28355793905390037e-02
234 8 6.35865181292676507e-05
235 8 3.81511615710108665e-02
236 8 2.60696943530584271e-02
237 8 1.06394374002152691e-04
238 8 1.98693372807316488e-04
239 8 3.93039512848506367e-04
240 8 2.61227219929008022e-03
255 8 1.34387171011908224e-02
256 8 1.03406116770433064e-02
257 8 1.48124935790450927e-04
258 8 4.88591796440998247e-04
259 8 3.37386471574834933e-03
260 8 1.27629188885581201e-03
261 8 2.27590465854625064e-02
262 8 3.31125631427586322e-05
263 8 3.30428203046251736e-06
3 9 1.50833179941901180e-03
4 9 7.81419727026804595e-03
5 9 1.78134891237816465e-02
6 9 3.42354310724459279e-02
7 9 5.65887975056243303e-02
8 9 8.18111338183244025e-02
9 9 9.28942371847378823e-02
10 9 7.79122270615734691e-02
11 9 5.16806357883778378e-02
12 9 2.88256751623325140e-02
13 9 1.34154575338371919e-02
14 9 4.34026787893619821e-03
15 9 1.15624745028078142e-03
52 9 -6.09419325893517183e-04
53 9 1.42337120622698134e-03
54 9 2.61114625864584341e-03
108 9 -2.42524648641556846e-05
109 9 3.25132590948137154e-07
110 9 6.88006178675624330e-03
114 9 9.44401364957212809e-03
121 9 2.89649272883149784e-04
123 9 5.47234731427395163e-02
124 9 1.24718544558920820e-02
135 9 8.58482041142873131e-03
136 9 1.99120632956326093e-03
137 9 1.42228887497045584e-02
140 9 1.63045013188179463e-03
161 9 2.29764403091077231e-04
164 9 6.10656222308705726e-02
165 9 5.06673912750596339e-02
166 9 4.34456572525199116e-03
167 9 2.42574786816512379e-02
177 9 6.27805924359583524e-03
198 9 7.74122225031920741e-02
199 9 3.46473983371351560e-02
205 9 1.56497108156441393e-03
217 9 6.57988231056794680e-03
224 9 2.78513658622369861e-02
225 9 3.15603389903817023e-03
226 9 3.09303006569254697e-02
227 9 2.45160914812734519e-02
229 9 4.99768193369976629e-03
235 9 4.70072025133603383e-02
236 9 2.62113983135714088e-02
240 9 1.09444577489723502e-03
255 9 7.66386774224809067e-03
256 9 1.15031586031652013e-02
258 9 3.81501037446205118e-05
259 9 1.08782131587742067e-03
260 9 2.75353534333649421e-04
261 9 1.75424961424285805e-02
3 10 -4.24502347359817555e-04
4 10 2.31994142757717880e-03
5 10 7.30094688271513970e-03
6 10 1.81349890662684324e-02
7 10 3.54905831717861817e-02
8 10 5.48356835440445001e-02
9 10 7.79122270615734691e-02
10 10 1.02907493502440953e-01
11 10 7.87634125539889984e-02
12 10 4.86046672238634042e-02
13 10 2.65511896834589034e-02
14 10 1.10473212536054931e-02
15 10 3.46144275001437560e-03
52 10 -4.32480632108333076e-04
53 10 1.74147080108781973e-03
54 10 2.57367626957843813e-03
108 10 6.82557264128566662e-06
109 10 -9.15047658040669684e-08
110 10 4.87332596953749756e-03
114 10 1.37025916461561408e-02
121 10 7.05680425716091807e-05
123 10 4.71781913494890709e-02
124 10 6.05046676527793044e-03
135 10 9.57618141895129164e-03
136 10 3.73367579897186230e-03
137 10 2.48855622673554017e-02
140 10 4.12940675138212445e-03
161 10 4.17421560200120355e-05
164 10 4.12671425780237744e-02
165 10 6.04242900114857970e-02
166 10 9.29741500899911163e-04
167 10 1.23964363660663910e-02
176 10 5.34462243905385885e-04
177 10 1.43476481450257234e-02
198 10 7.83582099823665196e-02
199 10 5.25184658992420283e-02
205 10 4.08282874299345597e-03
217 10 1.20243732506758079e-02
224 10 3.07010200356791080e-02
225 10 1.21631195897766494e-03
226 10 2.04594617757159827e-02
227 10 3.43046542251072284e-02
229 10 1.12846017430829164e-02
235 10 4.79569373582686975e-02
236 10 2.23958452106976756e-02
240 10 5.17111265318938372e-04
255 10 4.10982349859837816e-03
256 10 9.69333110521667513e-03
258 10 -1.07369005929928574e-05
259 10 3.58356327899899394e-04
260 10 8.10216847973433654e-05
261 10 1.20585752741440531e-02
4 11 6.45751201359310049e-04
5 11 1.86413784196700076e-03
6 11 7.66849644732853913e-03
7 11 1.86851897475333421e-02
8 11 3.09113876553178679e-02
9 11 5.16806357883778378e-02
10 11 7.87634125539889984e-02
11 11 1.01012109725355181e-01
12 11 7.65200191631550536e-02
13 11 5.07167938830076770e-02
14 11 2.79345379634497702e-02
15 11 1.38298093333650216e-02
16 11 5.18661460421427061e-03
17 11 1.81431369452144959e-03
48 11 1.32372620863041449e-03
49 11 3.59376067752798694e-03
50 11 5.97533203984800757e-03
51 11 7.53636884704988238e-03
52 11 7.04506731283355107e-03
53 11 6.68863059134208130e-03
54 11 4.04452818854740027e-03
55 11 3.52193975085177255e-04
110 11 2.94296604885666696e-03
114 11 2.26061798890257355e-02
115 11 4.02616935771730414e-03
121 11 2.17319354062406066e-05
123 11 3.26828377349100072e-02
124 11 2.67200919213767029e-03
135 11 1.30538011150338456e-02
136 11 1.32762042684234638e-02
137 11 4.37355652756594715e-02
138 11 1.12764630046035944e-03
139 11 2.78203708618402412e-03
140 11 1.55268847066266022e-02
141 11 6.08486939410159914e-03
161 11 1.33994956831956323e-05
164 11 2.31655165828275438e-02
165 11 6.06734391015876368e-02
166 11 4.71399209843533667e-04
167 11 5.10887701281722423e-03
175 11 8.73265217185909904e-04
176 11 7.64470446857275568e-03
177 11 3.27352954641448451e-02
178 11 8.11236569241590051e-03
198 11 5.65522783858782088e-02
199 11 7.35325631055884221e-02
203 11 8.47023099532522115e-04
205 11 1.55509456845541998e-02
213 11 7.28713582104377532e-05
217 11 2.52631906235486134e-02
224 11 3.16055660269734667e-02
225 11 5.69092624753732897e-04
226 11 1.14745348133008726e-02
227 11 4.63746624600685081e-02
229 11 2.70785835951217607e-02
235 11 4.10427528477660467e-02
236 11 1.71365128534289937e-02
240 11 2.69846913674852212e-04
243 11 2.72758400598643088e-03
244 11 6.44032780887110207e-03
255 11 2.02552279840046388e-03
256 11 8.91220674274154252e-03
259 11 1.58953562350439470e-04
260 11 3.66669759393318826e-05
261 11 7.04348297655846799e-03
6 12 2.41270462702902928e-03
7 12 7.98928584785228539e-03
8 12 1.39078959001945994e-02
9 12 2.88256751623325140e-02
10 12 4.86046672238634042e-02
11 12 7.65200191631550536e-02
12 12 1.04157495805569295e-01
13 12 8.39631915179691324e-02
14 12 5.33446371868231684e-02
15 12 3.13795836804502404e-02
16 12 1.52622318283776350e-02
17 12 6.49597338653207235e-03
18 12 1.41651899785720189e-03
48 12 2.81756330510986265e-03
49 12 7.25308402008174001e-03
50 12 1.13049201691990311e-02
51 12 1.30988509753969563e-02
52 12 1.12857634568994947e-02
53 12 7.93911727789328725e-03
54 12 3.23594291068084227e-03
55 12 3.39002332778168877e-04
110 12 1.51818246790027872e-03
114 12 2.51867505038910582e-02
115 12 9.45469651975296144e-03
123 12 1.93304848824784568e-02
124 12 8.84371588217834365e-04
135 12 1.21507726544363391e-02
136 12 1.92916169624173309e-02
137 12 5.63824811352627575e-02
138 12 2.76360665620916691e-03
139 12 8.09534841051972806e-03
140 12 3.08553461345504668e-02
141 12 1.24594346082797340e-02
164 12 1.06101363913700397e-02
165 12 4.87132274540159269e-02
166 12 1.15764977830184511e-04
167 12 1.55982454824112439e-03
175 12 3.24709933311190637e-03
176 12 1.95673031970284225e-02
177 12 5.57087901561969523e-02
178 12 1.51303293834463316e-02
198 12 3.46353191422793111e-02
199 12 7.59421906052595991e-02
203 12 2.33785679784312113e-03
204 12 4.18195135553653971e-04
205 12 2.72320666702223352e-02
213 12 7.01419165960390776e-05
217 12 3.39803257045002902e-02
224 12 2.62592377116457679e-02
225 12 1.84132648646786150e-04
226 12 5.38958767602950532e-03
227 12 4.74965298515045847e-02
229 12 4.29308582320486326e-02
235 12 2.94101853529400714e-02
236 12 1.09003313183355273e-02
240 12 1.06614810653830595e-04
243 12 7.13384565255505230e-03
244 12 1.60182935383998207e-02
255 12 7.88273647796253413e-04
256 12 6.03638568518723509e-03
259 12 4.28895365713454562e-05
260 12 9.39290665769180760e-06
261 12 3.48150555556474891e-03
6 13 5.99614299833594959e-04
7 13 2.41747753692225613e-03
8 13 4.23132655871056966e-03
9 13 1.34154575338371919e-02
10 13 2.65511896834589034e-02
11 13 5.07167938830076770e-02
12 13 8.39631915179691324e-02
13 13 1.06234396229872047e-01
14 13 8.05419689738613442e-02
15 13 5.37195921275474761e-02
16 13 2.98551387325812351e-02
17 13 1.45049906970474048e-02
18 13 4.45876202836778101e-03
46 13 -2.69345486258820363e-04
48 13 4.68229305160893991e-03
49 13 1.08352442928026510e-02
50 13 1.54120120895510290e-02
51 13 1.58752922054587707e-02
52 13 1.18436959148154365e-02
53 13 6.32260208996884322e-03
54 13 2.20684456085496090e-03
55 13 2.61091401141059901e-04
110 13 6.64354478026293275e-04
114 13 2.20885294893453168e-02
115 13 1.63664603810880042e-02
123 13 9.83666587774461275e-03
124 13 2.47703178333343098e-04
135 13 9.01965707705592451e-03
136 13 2.09075109533066045e-02
137 13 5.79393196013027051e-02
138 13 5.40581724297464587e-03
139 13 1.66097133161069617e-02
140 13 4.76117631917698861e-02
141 13 1.84681604870896091e-02
143 13 1.59294797175463888e-04
164 13 3.54713578582307272e-03
165 13 3.15834500593163009e-02
166 13 2.87703415284504084e-05
167 13 4.22560324150235130e-04
174 13 4.42999906487654760e-04
175 13 8.00525316726749883e-03
176 13 3.54704818339780098e-02
177 13 7.60110612776533218e-02
178 13 1.99216597536349474e-02
198 13 1.83186345166515621e-02
199 13 5.67934547266964948e-02
203 13 5.44766360157624297e-03
204 13 1.72763083370071758e-03
205 13 3.70286935696377273e-02
213 13 1.47462597043586602e-03
217 13 3.63254867743045967e-02
224 13 1.77109999666043953e-02
225 13 5.04818750852966856e-05
226 13 2.04399743631346635e-03
227 13 3.80934778984394623e-02
229 13 5.48187770601360758e-02
235 13 1.75782332113027448e-02
236 13 6.05584574983032697e-03
240 13 3.11847954373061832e-05
243 13 1.37777358579065159e-02
244 13 2.80341516915077367e-02
255 13 2.33753157671021214e-04
256 13 3.60177211818703399e-03
259 13 1.06590666562787860e-05
260 13 2.33435998997088236e-06
261 13 1.42802852565602047e-03
9 14 4.34026787893619821e-03
10 14 1.10473212536054931e-02
11 14 2.79345379634497702e-02
12 14 5.33446371868231684e-02
13 14 8.05419689738613442e-02
14 14 1.05695817643263190e-01
15 14 8.35578397708600651e-02
16 14 5.15811926297271919e-02
17 14 2.85076936964606120e-02
18 14 1.14040739458110500e-02
19 14 2.23978986135018850e-03
46 14 -2.60856385558435884e-04
48 14 3.90566088366675048e-03
49 14 8.62599855924162627e-03
50 14 1.20201287777426911e-02
51 14 1.18407448537315267e-02
52 14 8.59313509906274066e-03
53 14 4.06151216443649630e-03
54 14 1.26518640164139371e-03
55 14 1.68029571423568362e-04
110 14 1.87879457946997524e-04
114 14 1.46207364913684308e-02
115 14 1.97572713722043089e-02
123 14 3.80991067128246680e-03
135 14 5.43151161436120945e-03
136 14 1.52095052959387821e-02
137 14 4.71231543924973476e-02
138 14 6.68561570430571597e-03
139 14 2.76068052421854018e-02
140 14 5.58163189660393910e-02
141 14 1.75045898326670127e-02
143 14 1.54274220840390632e-04
164 14 2.81365751222048164e-04
165 14 1.68781602141869005e-02
174 14 4.29037649801381979e-04
175 14 1.63151699652604731e-02
176 14 5.41801627836211025e-02
177 14 7.52134907366223404e-02
178 14 1.65843288965328434e-02
198 14 7.37399853214681066e-03
199 14 3.54223212579565447e-02
203 14 8.93891439997708537e-03
204 14 5.40405377519409882e-03
205 14 3.60344958927461406e-02
213 14 4.23129286874563033e-03
217 14 2.93024028498154974e-02
224 14 9.81810447106664513e-03
226 14 3.84784035978447049e-04
227 14 2.51989626856617167e-02
229 14 5.22813814154988316e-02
235 14 8.59013448383377787e-03
236 14 2.71015401661407534e-03
243 14 1.98490815368807597e-02
244 14 3.69231757223644763e-02
256 14 1.78531995993028094e-03
261 14 3.45853205789956606e-04
9 15 1.15624745028078142e-03
10 15 3.46144275001437560e-03
11 15 1.38298093333650216e-02
12 15 3.13795836804502404e-02
13 15 5.37195921275474761e-02
14 15 8.35578397708600651e-02
15 15 1.04112378351699147e-01
16 15 7.76765029979165772e-02
17 15 5.04249497168678257e-02
18 15 2.62311244557485064e-02
19 15 1.07660464708164393e-02
20 15 3.26892001858620227e-03
46 15 1.52302167921528368e-03
47 15 2.90503641153756027e-03
48 15 4.67689928511036759e-03
49 15 5.93628318783748221e-03
50 15 8.17619449158770752e-03
51 15 7.86157921870255308e-03
52 15 5.57505851667604822e-03
53 15 2.38906341120403293e-03
54 15 6.69775866401672577e-04
55 15 9.84992628382843336e-05
110 15 5.00510913774740611e-05
114 15 8.81166602881882331e-03
115 15 2.38834620500658762e-02
116 15 4.55294558501560202e-03
123 15 1.45776063986394959e-03
135 15 3.02726441640767787e-03
136 15 9.86426862194111215e-03
137 15 3.12499424276007458e-02
138 15 1.10030381794261368e-02
139 15 4.38079298620216301e-02
140 15 5.53271435195823863e-02
141 15 1.53164698145294344e-02
142 15 1.02242487060879997e-03
143 15 4.78031441566396237e-03
164 15 6.70844506306688174e-05
165 15 8.32310051755914652e-03
174 15 4.45425753886548922e-03
175 15 3.21118698898819194e-02
176 15 7.29036730582381942e-02
177 15 5.56292012139362954e-02
178 15 1.22045184709234922e-02
191 15 1.36486757585041084e-03
198 15 2.48023941033821433e-03
199 15 2.01955346004148127e-02
203 15 1.76589180341566038e-02
204 15 1.61610866754012608e-02
205 15 2.92398865587781727e-02
210 15 5.23191058589387139e-04
213 15 1.35192692506554430e-02
217 15 1.98043339698104545e-02
218 15 2.65173819469956057e-03
224 15 5.08968511291431856e-03
226 15 1.02506474927044005e-04
227 15 1.47509213252383971e-02
229 15 3.97079334997644390e-02
233 15 1.56895851674501881e-03
235 15 3.93159288694538284e-03
236 15 1.19505105579925273e-03
243 15 2.91894584904970403e-02
244 15 4.44868147251977833e-02
256 15 8.48289688710283148e-04
261 15 9.21353009814881302e-05
11 16 5.18661460421427061e-03
12 16 1.52622318283776350e-02
13 16 2.98551387325812351e-02
14 16 5.15811926297271919e-02
15 16 7.76765029979165772e-02
16 16 1.03272257837929440e-01
17 16 8.16237155088047617e-02
18 16 5.03653694290788906e-02
19 16 2.76334788336759576e-02
20 16 1.32405693909097150e-02
21 16 4.37278423615127670e-03
22 16 1.14522912087022138e-03
46 16 2.58430085053817319e-03
47 16 4.17393955041343682e-03
48 16 3.46804714215706968e-03
49 16 3.39181313572925209e-03
50 16 4.62198912855996732e-03
51 16 4.35048819979035658e-03
52 16 3.00941897178576799e-03
53 16 1.16834493300049889e-03
54 16 2.92028369044531591e-04
55 16 4.71628071514738933e-05
114 16 4.43315229637572181e-03
115 16 2.30261297894557779e-02
116 16 1.07635875470500596e-02
123 16 3.39382878395796093e-04
135 16 1.40195660016440731e-03
136 16 5.33580920705806205e-03
137 16 1.71085322277795271e-02
138 16 1.25338014309259484e-02
139 16 5.42238589732765147e-02
140 16 4.47066981802902788e-02
141 16 1.14028913952943650e-02
142 16 3.12148310885452477e-03
143 16 1.47884812262621974e-02
154 16 1.78666778692727749e-03
164 16 -1.70941373915954144e-05
165 16 3.20623002883294083e-03
174 16 7.67399174339291820e-03
175 16 5.27967648748207535e-02
176 16 7.25774443481609632e-02
177 16 3.43106991264551242e-02
178 16 7.25516169428970341e-03
191 16 7.31229460405729247e-03
192 16 5.57368486624798434e-04
198 16 3.17928865729874327e-04
199 16 9.42215722944053473e-03
203 16 2.50696877793610655e-02
204 16 3.44045131223959522e-02
205 16 1.97830843195978406e-02
210 16 2.83108344916693658e-03
213 16 2.69390176348491897e-02
217 16 1.10254076074327231e-02
218 16 8.11763452921134519e-03
224 16 2.13838431161806047e-03
227 16 7.15274934288935658e-03
229 16 2.53509171709781905e-02
233 16 6.65930816465424603e-03
235 16 1.35564361768896781e-03
236 16 3.99392025265057232e-04
243 16 3.34839663531627460e-02
244 16 4.23848485424910409e-02
251 16 7.94338374021112703e-04
256 16 3.27091617423779207e-04
11 17 1.81431369452144959e-03
12 17 6.49597338653207235e-03
13 17 1.45049906970474048e-02
14 17 2.85076936964606120e-02
15 17 5.04249497168678257e-02
16 17 8.16237155088047617e-02
17 17 1.03175120659542513e-01
18 17 7.79493960508275407e-02
19 17 5.16583386204573503e-02
20 17 3.06692578447676778e-02
21 17 1.50082549179496247e-02
22 17 6.41584076652250077e-03
23 17 1.69888653595148625e-03
42 17 1.51445862500731825e-03
43 17 3.78903686093287357e-03
44 17 6.06313644664620201e-03
45 17 7.29828208977885157e-03
46 17 9.47276541345840051e-03
47 17 9.50350429023080756e-03
48 17 5.79897543002747332e-03
49 17 2.92197317283256512e-03
50 17 2.22400839144204759e-03
51 17 2.02788005655536686e-03
52 17 1.35149109819904831e-03
53 17 4.60155240601521414e-04
54 17 1.02153545149808266e-04
55 17 1.64978764409190410e-05
114 17 1.95911233970946569e-03
115 17 1.98952312827593049e-02
116 17 2.23499313692779381e-02
119 17 1.51575392525987208e-03
123 17 1.35275880449098578e-04
135 17 5.67754308691794415e-04
136 17 2.46968750529032643e-03
137 17 8.34799053316243912e-03
138 17 1.56170199541836655e-02
139 17 5.61415694397749410e-02
140 17 2.94217419187351031e-02
141 17 8.00042926067842143e-03
142 17 1.18302135689834706e-02
143 17 3.17746517350492863e-02
153 17 6.44076933739807958e-04
154 17 8.50316063712825559e-03
155 17 3.32364118379865035e-03
164 17 -5.97964759911077229e-06
165 17 1.22821421976979962e-03
174 17 1.49260418366731762e-02
175 17 7.30775944294318885e-02
176 17 5.38260579595372171e-02
177 17 1.86837884437512057e-02
178 17 3.74240690731730396e-03
189 17 3.07307387035842200e-03
191 17 2.00452720003959466e-02
192 17 6.38763917473721913e-03
198 17 1.36832712941049222e-04
199 17 3.97171718115341479e-03
203 17 3.29404322073961475e-02
204 17 5.83507520971219551e-02
205 17 1.15954122040276345e-02
210 17 1.06219833882963098e-02
213 17 4.49174121852412289e-02
217 17 5.43442315136357258e-03
218 17 2.01888167183664723e-02
224 17 8.52154858352330768e-04
227 17 3.13060049773986960e-03
229 17 1.42272800862528314e-02
233 17 1.82115640450644448e-02
235 17 5.11091203292042681e-04
236 17 1.50210905194018171e-04
243 17 3.40016223853793487e-02
244 17 3.31923358055025985e-02
251 17 5.28880846193263525e-03
252 17 2.03812424481216716e-03
256 17 1.14418912169209782e-04
12 18 1.41651899785720189e-03
13 18 4.45876202836778101e-03
14 18 1.14040739458110500e-02
15 18 2.62311244557485064e-02
16 18 5.03653694290788906e-02
17 18 7.79493960508275407e-02
18 18 1.02571337412514507e-01
19 18 7.94335268250365018e-02
20 18 5.33355340859719002e-02
21 18 2.95300967462783677e-02
22 18 1.41627474616247591e-02
23 18 4.67005374348168634e-03
24 18 7.83923771234516851e-04
42 18 1.48407679707638642e-03
43 18 3.43274271438828065e-03
44 18 5.94150277161405952e-03
45 18 7.15186993497865693e-03
46 18 8.58066306836978779e-03
47 18 8.16934432489644508e-03
48 18 4.65056023879787967e-03
49 18 1.75105853752306815e-03
50 18 6.63188210868411376e-04
51 18 5.57203259760708858e-04
52 18 3.34039041688906184e-04
53 18 6.29951973722737057e-05
114 18 4.60961208360340232e-04
115 18 1.27279638767857119e-02
116 18 2.63439289829460986e-02
119 18 1.48534611207669105e-03
123 18 2.02688450412980752e-05
135 18 9.07335009301475008e-05
136 18 6.67867782260631645e-04
137 18 2.59316653507775212e-03
138 18 1.26195082317970535e-02
139 18 4.54249498515337177e-02
140 18 1.53234411900225048e-02
141 18 4.33226236300646508e-03
142 18 1.43089255551851410e-02
143 18 4.72794608880512807e-02
153 18 6.31155990075816793e-04
154 18 1.59591160745871305e-02
155 18 3.25696501788501217e-03
165 18 1.40928281089675153e-04
174 18 1.45314821607930040e-02
175 18 7.27193396813959059e-02
176 18 3.26644665607749921e-02
177 18 7.29599598129852638e-03
178 18 1.33320871313085754e-03
189 18 7.00981609033348232e-03
191 18 3.51719817098204088e-02
192 18 7.35167141623465498e-03
198 18 3.13616528825112580e-05
199 18 8.04868704793606214e-04
203 18 3.17154098227893297e-02
204 18 7.89278328346899732e-02
205 18 5.16800687121558074e-03
210 18 1.62096534103473230e-02
213 18 5.31978408517888163e-02
217 18 1.73668864057685795e-03
218 18 2.79346826360199821e-02
224 18 1.27475336572838903e-04
227 18 7.11276688933957678e-04
229 18 5.89442748177595836e-03
233 18 2.94040898104559953e-02
235 18 5.09254653970086824e-05
236 18 1.28546321366983493e-05
243 18 2.67269854084461744e-02
244 18 2.08112634431841144e-02
251 18 8.52112570455483553e-03
252 18 3.58862304781440173e-03
14 19 2.23978986135018850e-03
15 19 1.07660464708164393e-02
16 19 2.76334788336759576e-02
17 19 5.16583386204573503e-02
18 19 7.94335268250365018e-02
19 19 1.06895374933113130e-01
20 19 8.61482185788314259e-02
21 19 5.45181109866093722e-02
22 19 3.12470999833685051e-02
23 19 1.40055399288001817e-02
24 19 4.53624974100681148e-03
42 19 3.55498691876427343e-03
43 19 7.27411877131285516e-03
44 19 9.84308102732896380e-03
45 19 9.49836701352934146e-03
46 19 8.03558210389330660e-03
47 19 5.88629276481327651e-03
48 19 3.19768484154119318e-03
49 19 9.62193788766726706e-04
51 19 -9.38726740263999863e-06
115 19 7.21618782837147622e-03
116 19 2.66471775065444776e-02
119 19 6.46386876048301966e-03
137 19 1.76615177112059884e-04
138 19 8.49458225621178495e-03
139 19 2.99343260440524499e-02
140 19 6.57711040498952342e-03
141 19 2.03682738489210707e-03
142 19 1.82108012745365554e-02
143 19 5.85733968192451437e-02
152 19 1.18577804520533271e-03
153 19 5.86525958806801556e-03
154 19 3.07849616435778434e-02
155 19 8.42626022296284749e-03
158 19 1.98878524608650319e-04
174 19 1.22700719698257722e-02
175 19 5.70069099794277140e-02
176 19 1.70645128034034518e-02
177 19 1.47774973699163741e-03
178 19 2.21220576326258201e-04
189 19 1.84659905893548859e-02
190 19 1.66449052654793332e-03
191 19 5.72458718677541015e-02
192 19 1.25066795373352871e-02
199 19 5.65971722153659442e-05
203 19 2.52059978137726300e-02
204 19 8.15358518637827462e-02
205 19 1.67939644203186564e-03
209 19 6.46143821203885881e-04
210 19 2.61532984206817518e-02
213 19 5.01557978676276800e-02
217 19 1.68611071779674180e-04
218 19 3.47026256927297286e-02
221 19 3.17978323929602770e-03
227 19 -3.81557307374117457e-06
229 19 1.58221111471334042e-03
232 19 1.90331508465397896e-03
233 19 4.38050805097817200e-02
243 19 1.73448621348360789e-02
244 19 1.13164608398558693e-02
251 19 1.78524440862589812e-02
252 19 1.12963015560141791e-02
15 20 3.26892001858620227e-03
16 20 1.32405693909097150e-02
17 20 3.06692578447676778e-02
18 20 5.33355340859719002e-02
19 20 8.61482185788314259e-02
20 20 1.07958941747017381e-01
21 20 8.17507629242207323e-02
22 20 5.41081970061411191e-02
23 20 2.93995690761936802e-02
24 20 1.34978790635614243e-02
25 20 3.87984375916520683e-03
26 20 1.03415677440135299e-03
42 20 5.16051686568551500e-03
43 20 9.48740298342384304e-03
44 20 1.03511170534475710e-02
45 20 7.65406979170351384e-03
46 20 5.78968503254974863e-03
47 20 3.72788788948374972e-03
48 20 2.03161802841801556e-03
49 20 6.54793719022726210e-04
115 20 3.80182909527589617e-03
116 20 2.12201023402284819e-02
119 20 1.30630865047798965e-02
137 20 -5.68312403584721445e-05
138 20 5.14930813844492654e-03
139 20 1.70754714981031439e-02
140 20 2.61710503694839985e-03
141 20 1.03094777009198990e-03
142 20 1.72343979916633680e-02
143 20 5.81068957270491349e-02
152 20 3.33556117236461901e-03
153 20 1.51823794439112317e-02
154 20 4.76798160416491423e-02
155 20 1.32671534950246760e-02
158 20 1.33907861863296956e-03
174 20 8.45334443977052707e-03
175 20 3.67459420618660992e-02
176 20 7.84512878322545480e-03
177 20 3.24456048423216376e-04
178 20 5.98282996647166355e-05
188 20 4.69995117250888539e-04
189 20 3.49435305072693311e-02
190 20 6.92342468037621117e-03
191 20 7.67819671624450639e-02
192 20 1.50921144786953267e-02
203 20 1.68387536353957618e-02
204 20 6.01184129824859914e-02
205 20 5.99028814277681020e-04
209 20 2.30891933773264956e-03
210 20 3.40656425476540126e-02
213 20 3.63413047126769223e-02
218 20 3.47702594444764812e-02
221 20 8.58596866402307375e-03
227 20 -2.65957430827016384e-05
229 20 4.92896413153958031e-04
232 20 6.34767180420359872e-03
233 20 5.41776317057807572e-02
243 20 1.01811817093543783e-02
244 20 5.66711246112055773e-03
251 20 2.83464682389398710e-02
252 20 2.22236935927959643e-02
16 21 4.37278423615127670e-03
17 21 1.50082549179496247e-02
18 21 2.95300967462783677e-02
19 21 5.45181109866093722e-02
20 21 8.17507629242207323e-02
21 21 1.07467183272664607e-01
22 21 8.54064187265035357e-02
23 21 5.31958900811990917e-02
24 21 2.97944167675810931e-02
25 21 1.27570069659538946e-02
26 21 4.37660280606314879e-03
42 21 4.08539269250878141e-03
43 21 7.31500797503820913e-03
44 21 7.59728156269550738e-03
45 21 4.92055674183434003e-03
46 21 3.43443879472228944e-03
47 21 1.96477903591430044e-03
48 21 1.07798787466455354e-03
49 21 3.80530010512930659e-04
115 21 1.57333510342855558e-03
116 21 1.32629740479424767e-02
119 21 1.82454846503334323e-02
138 21 2.56608873748910863e-03
139 21 7.93691679818919749e-03
140 21 6.43195793917804379e-04
141 21 4.16341451235917911e-04
142 21 1.25580041185629435e-02
143 21 4.65959351126832080e-02
152 21 5.90770908374149868e-03
153 21 2.86172542041825129e-02
154 21 5.74239036198330166e-02
155 21 1.41092684119687502e-02
158 21 5.27559626701437200e-03
174 21 4.77679462456223093e-03
175 21 1.96490027244591303e-02
176 21 2.45486212543815502e-03
177 21 1.27540989840130124e-04
188 21 1.38126740747406126e-03
189 21 5.56442611763422329e-02
190 21 1.72356547468140893e-02
191 21 7.61677668569149258e-02
192 21 1.30321937515025001e-02
194 21 1.12788589445610241e-03
203 21 9.23828008630745399e-03
204 21 3.67355365824738600e-02
205 21 1.46636417266854217e-04
209 21 6.19413937427305914e-03
210 21 3.39327454265230671e-02
213 21 2.13780277710882566e-02
218 21 2.78712574961745771e-02
221 21 1.56029214083165703e-02
229 21 1.42054942645535595e-04
232 21 1.44706538537195863e-02
233 21 5.19354677506970314e-02
243 21 4.87514064017530429e-03
244 21 2.16506964834162468e-03
249 21 1.66388677314978188e-03
251 21 3.41547732019682471e-02
252 21 3.34502374776704525e-02
16 22 1.14522912087022138e-03
17 22 6.41584076652250077e-03
18 22 1.41627474616247591e-02
19 22 3.12470999833685051e-02
20 22 5.41081970061411191e-02
21 22 8.54064187265035357e-02
22 22 1.07159430343884698e-01
23 22 8.13432360809445143e-02
24 22 5.40880383355253833e-02
25 22 2.97237330861845270e-02
26 22 1.44553207166122528e-02
27 22 4.65813454581674117e-03
28 22 1.58830322390758551e-03
37 22 1.13128556883327139e-03
38 22 3.30895825527998148e-03
39 22 5.78751060631496877e-03
40 22 7.60223750445102389e-03
41 22 7.70766564764031620e-03
42 22 8.93414975207818679e-03
43 22 8.83161787615655870e-03
44 22 6.40641310648381625e-03
45 22 2.83703553567582001e-03
46 22 1.83878863333878251e-03
